-----------------------------------------------------------------------------------
Language                         files          blank        comment           code
-----------------------------------------------------------------------------------
C++                               3230         123480         100246         590457
Fortran 77                         464          70023         139064         515100
Python                            2173          58837          87192         235594
C/C++ Header                      4066          87135         176125         221988
Text                                66            623              0         142895
XML                                271           3948          20496          86955
Org Mode                             8           4463              0          60885
SVG                                 18             85             82          11621
reStructuredText                   209           9066          12216          10484
VHDL                                11            820            596           7834
C                                   31           1088           1329           7146
Fortran 90                           5            460            694           5553
Bourne Shell                       120            975           1259           4756
CSV                                  7              0              0           3433
CSS                                  7            389            427           2635
Ruby                                10             48             28           1867
HTML                                14            129             91           1247
Markdown                            44            445              0            938
JSON                                16             15              0            759
JavaScript                           9            188            398            758
Jupyter Notebook                     8              0           3716            669
Jinja Template                       3            138              3            561
YAML                                10             52             46            548
Oracle PL/SQL                        1              0              0            533
CMake                                5            140            161            476
Bourne Again Shell                  25            121            222            448
make                                10            112             71            440
Verilog-SystemVerilog                2             85             59            268
Pkl                                  1              1              0            218
Pascal                               1             33            148            132
C Shell                              4             23             40             73
Templ                                1              5              0             55
INI                                  2              0              0             18
NAnt script                          1              9              0             17
Dockerfile                           1              2              0             16
diff                                 1              2              7              3
-----------------------------------------------------------------------------------
SUM:                             10855         362940         544716        1917380
-----------------------------------------------------------------------------------